v 0.19509 -1.0 -0.980785
v 0.382683 -1.0 -0.92388
v 0.707107 -1.0 -0.707107
v -0.980785 -1.0 -0.195091
v -0.831469 -1.0 -0.555571
v -0.707106 -1.0 -0.707108
v -0.382682 -1.0 -0.92388
v -0.195089 -1.0 -0.980786
v 0.19509 -2.70469 -0.980785
v 0.382683 -2.70469 -0.92388
v 0.707107 -2.70469 -0.707107
v -0.980785 -2.70469 -0.195091
v -0.831469 -2.70469 -0.555571
v -0.707106 -2.70469 -0.707108
v -0.382682 -2.70469 -0.92388
v -0.195089 -2.70469 -0.980786
v -0.6070755 -2.70469 -0.7397255
v 0.1622125 -2.70469 -0.8154935000000001
v -0.062180999999999986 -2.70469 -0.6313390000000001
v -0.980785 -1.852345 -0.195091
v -0.906127 -1.0 -0.375331
v -0.906127 -1.852345 -0.375331
v 0.707107 -1.852345 -0.707107
v -0.136839 -1.0 -0.451099
v -0.136839 -1.852345 -0.451099
v -0.165964 -1.4261724999999998 -0.7159425
v 0.014563000000000006 -1.21308625 -0.8483637500000001
v 5.000000000005 -7.0 -1.0
v -0.707106 -1.852345 -0.707108
v -0.544894 -1.0 -0.8154939999999999
v -0.544894 -1.852345 -0.8154939999999999
v -0.831469 -1.852345 -0.555571
v -0.7692875 -1.0 -0.6313394999999999
v -0.7692875 -1.852345 -0.6313394999999999
v 0.19509 -1.852345 -0.980785
v 0.2888865 -1.0 -0.9523325
v 0.2888865 -1.852345 -0.9523325
v -0.382682 -1.852345 -0.92388
v -0.382682 -1.4261724999999998 -0.92388
v -0.382682 -2.0654312499999996 -0.92388
v 0.4510985 -1.0 -0.8439460000000001
v -0.3181895 -1.0 -0.768178
v -0.062180999999999986 -1.0 -0.6313390000000001
v 0.544895 -2.70469 -0.8154935000000001
v 0.544895 -1.852345 -0.8154935000000001
v 0.4510985 -2.70469 -0.8439460000000001
v 0.2888865 -2.70469 -0.9523325
v -0.906127 -2.70469 -0.375331
v -0.136839 -2.70469 -0.451099
v -0.544894 -2.70469 -0.8154939999999999
v -0.7692875 -2.70469 -0.6313394999999999
v 5.000000000005 -7.0 -1.852345
v -0.093796 -2.70469 -0.9523325
v -0.2888855 -1.852345 -0.9523330000000001
v 0.382683 -1.852345 -0.92388
v -0.224393 -1.4261724999999998 -0.7397255
v -0.6070755 -1.0 -0.7397255
v 0.544895 -1.0 -0.8154935000000001
v -0.49487875000000003 -2.70469 -0.83180275
v -0.11023475 -2.70469 -0.8696867500000001
v -0.2224315 -2.70469 -0.7776095000000001
v 0.05001575000000001 -2.70469 -0.7234162500000001
v 0.43465975 -2.70469 -0.7613002500000001
v 0.32246300000000006 -2.70469 -0.6692230000000001
v -0.33462824999999996 -2.70469 -0.6855322500000001
v -0.71927225 -2.70469 -0.64764825
v -0.446825 -2.70469 -0.5934550000000001
v -0.980785 -1.4261724999999998 -0.195091
v -0.9434560000000001 -1.0 -0.285211
v -0.9434560000000001 -1.4261724999999998 -0.285211
v -0.906127 -1.4261724999999998 -0.375331
v -0.868798 -1.0 -0.46545100000000006
v -0.868798 -1.4261724999999998 -0.46545100000000006
v -0.9434560000000001 -1.852345 -0.285211
v -0.980785 -2.2785175 -0.195091
v -0.9434560000000001 -2.2785175 -0.285211
v 0.707107 -1.4261724999999998 -0.707107
v 0.285134 -1.0 -0.579103
v 0.285134 -1.4261724999999998 -0.579103
v -0.136839 -1.4261724999999998 -0.451099
v -0.558812 -1.0 -0.323095
v -0.558812 -1.4261724999999998 -0.323095
v 0.285134 -1.852345 -0.579103
v 0.707107 -2.2785175 -0.707107
v 0.285134 -2.2785175 -0.579103
v 0.059585 -1.852345 -0.64752275
v 0.037074 -1.5327156249999998 -0.7479432500000001
v -0.0757005 -1.3196293749999999 -0.782153125
v 0.0072817500000000035 -1.106543125 -0.9145746250000001
v 0.10482650000000002 -1.106543125 -0.914574375
v 0.09754525 -1.0 -0.98078525
v -0.08298174999999999 -1.21308625 -0.8483640000000001
v -0.1805265 -1.21308625 -0.84836425
v -0.09754425 -1.0 -0.9807857500000001
v -0.707106 -1.4261724999999998 -0.707108
v -0.626 -1.0 -0.761301
v -0.626 -1.4261724999999998 -0.761301
v -0.544894 -1.4261724999999998 -0.8154939999999999
v -0.463788 -1.0 -0.869687
v -0.463788 -1.4261724999999998 -0.869687
v -0.626 -1.852345 -0.761301
v -0.707106 -2.2785175 -0.707108
v -0.626 -2.2785175 -0.761301
v -0.831469 -1.4261724999999998 -0.555571
v -0.8003782500000001 -1.0 -0.59345525
v -0.8003782500000001 -1.4261724999999998 -0.59345525
v -0.7692875 -1.4261724999999998 -0.6313394999999999
v -0.73819675 -1.0 -0.66922375
v -0.73819675 -1.4261724999999998 -0.66922375
v -0.8003782500000001 -1.852345 -0.59345525
v -0.831469 -2.2785175 -0.555571
v -0.8003782500000001 -2.2785175 -0.59345525
v 0.19509 -1.4261724999999998 -0.980785
v 0.24198825000000002 -1.0 -0.96655875
v 0.24198825000000002 -1.4261724999999998 -0.96655875
v 0.2888865 -1.4261724999999998 -0.9523325
v 0.33578474999999997 -1.0 -0.93810625
v 0.33578474999999997 -1.4261724999999998 -0.93810625
v 0.24198825000000002 -1.852345 -0.96655875
v 0.19509 -2.2785175 -0.980785
v 0.24198825000000002 -2.2785175 -0.96655875
v -0.382682 -1.4261724999999998 -0.92388
v -0.382682 -1.21308625 -0.92388
v -0.382682 -1.6392587499999998 -0.92388
v -0.382682 -1.7458018749999997 -0.92388
v -0.382682 -1.5859871874999998 -0.92388
v -0.382682 -1.8257092187499997 -0.92388
v -0.382682 -1.9588881249999996 -0.92388
v -0.382682 -2.2785175 -0.92388
v -0.382682 -2.3850606249999995 -0.92388
v 0.32309425 -1.0 -0.9123655
v -0.06154975 -1.0 -0.8744815
v 0.0664545 -1.0 -0.8060620000000001
v -0.19018525 -1.0 -0.6997585000000001
v -0.5748292500000001 -1.0 -0.6618745
v -0.446825 -1.0 -0.5934550000000001
v 0.19445875 -1.0 -0.7376425000000001
v 0.57910275 -1.0 -0.7755265
v 0.32246300000000006 -1.0 -0.6692230000000001
v 0.626001 -2.70469 -0.7613002500000001
v 0.626001 -2.2785175 -0.7613002500000001
v 0.544895 -2.2785175 -0.8154935000000001
v 0.463789 -2.70469 -0.8696867500000001
v 0.463789 -2.2785175 -0.8696867500000001
v 0.626001 -1.852345 -0.7613002500000001
v 0.626001 -1.4261724999999998 -0.7613002500000001
v 0.57910275 -2.70469 -0.7755265
v 0.49799675 -2.70469 -0.8297197500000001
v 0.3699925 -2.70469 -0.8981392500000001
v 0.32309425 -2.70469 -0.9123655
v 0.24198825000000002 -2.70469 -0.96655875
v 0.41689075 -2.70469 -0.8839130000000001
v 0.33578474999999997 -2.70469 -0.93810625
v -0.868798 -2.70469 -0.46545100000000006
v -0.484154 -2.70469 -0.5033350000000001
v -0.09950999999999999 -2.70469 -0.5412190000000001
v 0.285134 -2.70469 -0.579103
v -0.521483 -2.70469 -0.413215
v -0.9434560000000001 -2.70469 -0.285211
v -0.558812 -2.70469 -0.323095
v -0.463788 -2.70469 -0.869687
v -0.5759847499999999 -2.70469 -0.77760975
v -0.6881815 -2.70469 -0.6855325
v -0.8003782500000001 -2.70469 -0.59345525
v -0.6570907500000001 -2.70469 -0.7234167499999999
v -0.626 -2.70469 -0.761301
v -0.73819675 -2.70469 -0.66922375
v 0.09754525 -2.2785175 -0.98078525
v 0.050647000000000005 -2.70469 -0.96655875
v -0.04689775 -2.2785175 -0.9665590000000001
v -0.19134075 -2.2785175 -0.9523327500000001
v -0.238239 -2.70469 -0.93810625
v -0.33578375000000005 -2.2785175 -0.9381065000000001
v -0.1444425 -1.852345 -0.9665592500000001
v -0.09754425 -1.4261724999999998 -0.9807857500000001
v -0.24198725000000001 -1.4261724999999998 -0.9665595
v 0.03420825 -2.70469 -0.8839130000000001
v 0.17865125 -2.70469 -0.8981392500000001
v 0.3066555 -2.70469 -0.8297197500000001
v -0.906127 -2.2785175 -0.375331
v -0.868798 -1.852345 -0.46545100000000006
v -0.868798 -2.2785175 -0.46545100000000006
v -0.136839 -2.2785175 -0.451099
v -0.558812 -1.852345 -0.323095
v -0.558812 -2.2785175 -0.323095
v 5.000000000005 -7.0 -1.4261724999999998
v 0.09754525 -1.4261724999999998 -0.98078525
v 0.09754525 -1.852345 -0.98078525
v -0.544894 -2.2785175 -0.8154939999999999
v -0.463788 -1.852345 -0.869687
v -0.463788 -2.2785175 -0.869687
v -0.7692875 -2.2785175 -0.6313394999999999
v -0.73819675 -1.852345 -0.66922375
v -0.73819675 -2.2785175 -0.66922375
v 0.2888865 -2.2785175 -0.9523325
v 0.33578474999999997 -1.852345 -0.93810625
v 0.382683 -1.4261724999999998 -0.92388
v 0.33578474999999997 -2.2785175 -0.93810625
v 0.382683 -2.2785175 -0.92388
v -0.33578375000000005 -1.9588881249999996 -0.9381065000000001
v -0.274323 -1.7458018749999997 -0.8199112500000001
v -0.22742475 -1.6392587499999998 -0.83413775
v -0.527931 -1.21308625 -0.64764825
v -0.27129125 -1.21308625 -0.75395175
v -0.15181325 -1.106543125 -0.808270875
v -0.10491500000000001 -1.3196293749999999 -0.7940446250000001
v -0.16465400000000002 -1.3729009374999999 -0.7668850625000001
v -0.71927225 -1.0 -0.64764825
v -0.41573424999999997 -1.21308625 -0.7397255
v -0.3035375 -1.4261724999999998 -0.83180275
v -0.49487875000000003 -1.21308625 -0.83180275
v -0.49487875000000003 -1.0 -0.83180275
v -0.6881815 -1.0 -0.6855325
v -0.5759847499999999 -1.0 -0.77760975
v -0.6570907500000001 -1.0 -0.7234167499999999
v -0.09950999999999999 -1.0 -0.5412190000000001
v -0.484154 -1.0 -0.5033350000000001
v -0.521483 -1.0 -0.413215
v 0.3699925 -1.0 -0.8981392500000001
v 0.49799675 -1.0 -0.8297197500000001
v 0.626001 -1.0 -0.7613002500000001
v 0.41689075 -1.0 -0.8839130000000001
v 0.463789 -1.0 -0.8696867500000001
v 0.544895 -1.4261724999999998 -0.8154935000000001
v 0.463789 -1.852345 -0.8696867500000001
v 0.463789 -1.4261724999999998 -0.8696867500000001
v -0.438780375 -2.70469 -0.877841375
v -0.246458375 -2.70469 -0.896783375
v -0.30255675000000004 -2.70469 -0.85074475
v -0.166333125 -2.70469 -0.8236481250000001
v 0.025988875 -2.70469 -0.8425901250000001
v -0.030109499999999997 -2.70469 -0.7965515000000001
v -0.358655125 -2.70469 -0.804706125
v -0.550977125 -2.70469 -0.785764125
v -0.4147535 -2.70469 -0.7586675
v 0.106114125 -2.70469 -0.7694548750000001
v 0.298436125 -2.70469 -0.7883968750000001
v 0.24233775000000002 -2.70469 -0.7423582500000001
v 0.37856137500000003 -2.70469 -0.7152616250000001
v 0.570883375 -2.70469 -0.7342036250000001
v 0.514785 -2.70469 -0.6881650000000001
v 0.18623937500000004 -2.70469 -0.6963196250000001
v -0.006082624999999987 -2.70469 -0.6773776250000001
v 0.13014100000000003 -2.70469 -0.6502810000000001
v -0.19840462499999997 -2.70469 -0.6584356250000001
v -0.14230624999999997 -2.70469 -0.7044742500000001
v -0.278529875 -2.70469 -0.7315708750000001
v -0.470851875 -2.70469 -0.712628875
v -0.08620787499999999 -2.70469 -0.7505128750000001
v -0.663173875 -2.70469 -0.693686875
v -0.52695025 -2.70469 -0.66659025
v -0.390726625 -2.70469 -0.6394936250000001
v -0.25450300000000003 -2.70469 -0.6123970000000001
v -0.583048625 -2.70469 -0.620551625
v -0.775370625 -2.70469 -0.601609625
v -0.639147 -2.70469 -0.574513
v -0.980785 -1.21308625 -0.195091
v -0.9621205 -1.0 -0.240151
v -0.9621205 -1.21308625 -0.240151
v -0.9434560000000001 -1.21308625 -0.285211
v -0.9247915 -1.0 -0.330271
v -0.9247915 -1.21308625 -0.330271
v -0.9621205 -1.4261724999999998 -0.240151
v -0.980785 -1.6392587499999998 -0.195091
v -0.9621205 -1.6392587499999998 -0.240151
v -0.906127 -1.21308625 -0.375331
v -0.8874625 -1.0 -0.42039100000000007
v -0.8874625 -1.21308625 -0.42039100000000007
v -0.868798 -1.21308625 -0.46545100000000006
v -0.8501335 -1.0 -0.510511
v -0.8501335 -1.21308625 -0.510511
v -0.8874625 -1.4261724999999998 -0.42039100000000007
v -0.906127 -1.6392587499999998 -0.375331
v -0.8874625 -1.6392587499999998 -0.42039100000000007
v -0.9247915 -1.852345 -0.330271
v -0.9247915 -1.6392587499999998 -0.330271
v -0.9434560000000001 -1.6392587499999998 -0.285211
v -0.9621205 -1.852345 -0.240151
v -0.9247915 -1.4261724999999998 -0.330271
v -0.980785 -2.06543125 -0.195091
v -0.9621205 -2.06543125 -0.240151
v -0.9434560000000001 -2.06543125 -0.285211
v -0.9247915 -2.06543125 -0.330271
v -0.9621205 -2.2785175 -0.240151
v -0.980785 -2.49160375 -0.195091
v -0.9621205 -2.49160375 -0.240151
v 0.707107 -1.21308625 -0.707107
v 0.4961205 -1.0 -0.643105
v 0.4961205 -1.21308625 -0.643105
v 0.285134 -1.21308625 -0.579103
v 0.0741475 -1.0 -0.515101
v 0.0741475 -1.21308625 -0.515101
v 0.4961205 -1.4261724999999998 -0.643105
v 0.707107 -1.6392587499999998 -0.707107
v 0.4961205 -1.6392587499999998 -0.643105
v -0.136839 -1.21308625 -0.451099
v -0.3478255 -1.0 -0.387097
v -0.3478255 -1.21308625 -0.387097
v -0.558812 -1.21308625 -0.323095
v -0.7697985 -1.0 -0.259093
v -0.7697985 -1.21308625 -0.259093
v -0.3478255 -1.4261724999999998 -0.387097
v -0.136839 -1.6392587499999998 -0.451099
v -0.3478255 -1.6392587499999998 -0.387097
v 0.0741475 -1.852345 -0.515101
v 0.0741475 -1.6392587499999998 -0.515101
v 0.285134 -1.6392587499999998 -0.579103
v 0.4961205 -1.852345 -0.643105
v 0.0741475 -1.4261724999999998 -0.515101
v 0.707107 -2.06543125 -0.707107
v 0.4961205 -2.06543125 -0.643105
v 0.285134 -2.06543125 -0.579103
v 0.0741475 -2.06543125 -0.515101
v 0.4961205 -2.2785175 -0.643105
v 0.707107 -2.49160375 -0.707107
v 0.4961205 -2.49160375 -0.643105
v 0.27785275 -2.171974375 -0.645313875
v 0.157463375 -1.852345 -0.6966285625
v 0.0483295 -1.6925303124999997 -0.697733
v -0.01931325 -1.4261724999999998 -0.7650481875
v 0.025818500000000005 -1.3729009374999999 -0.7981535000000001
v -0.03056875 -1.2663578125 -0.8152584375
v -0.008057750000000002 -1.5859871874999998 -0.7148379375
v -0.0531895 -1.6392587499999998 -0.681732625
v -0.12083225 -1.3729009374999999 -0.7490478125
v 0.010922375000000005 -1.1598146875 -0.8814691875
v 0.05969475000000001 -1.1598146875 -0.8814690625000001
v 0.05605412500000001 -1.106543125 -0.9145745000000001
v 0.10118587500000001 -1.0532715625 -0.9476798125000001
v 0.14995825000000002 -1.0532715625 -0.9476796875
v 0.146317625 -1.0 -0.980785125
v 0.0524135 -1.0532715625 -0.9476799375
v 0.003641125000000002 -1.0532715625 -0.9476800625000001
v 0.048772875 -1.0 -0.9807853750000001
v -0.041490624999999996 -1.106543125 -0.9145747500000001
v -0.037849999999999995 -1.1598146875 -0.8814693125000002
v -0.079341125 -1.2663578125 -0.8152585625000001
v -0.124472875 -1.3196293749999999 -0.7821532500000001
v -0.034209375 -1.21308625 -0.848363875
v -0.17324525000000002 -1.3196293749999999 -0.782153375
v -0.131754125 -1.21308625 -0.848364125
v -0.090263 -1.106543125 -0.9145748750000001
v -0.048771875 -1.0 -0.9807856250000001
v -0.13903537500000002 -1.106543125 -0.9145750000000001
v -0.18780775 -1.106543125 -0.914575125
v -0.146316625 -1.0 -0.980785875
v -0.707106 -1.21308625 -0.707108
v -0.666553 -1.0 -0.7342044999999999
v -0.666553 -1.21308625 -0.7342044999999999
v -0.626 -1.21308625 -0.761301
v -0.585447 -1.0 -0.7883975
v -0.585447 -1.21308625 -0.7883975
v -0.666553 -1.4261724999999998 -0.7342044999999999
v -0.707106 -1.6392587499999998 -0.707108
v -0.666553 -1.6392587499999998 -0.7342044999999999
v -0.544894 -1.21308625 -0.8154939999999999
v -0.5043409999999999 -1.0 -0.8425905
v -0.5043409999999999 -1.21308625 -0.8425905
v -0.463788 -1.21308625 -0.869687
v -0.42323500000000003 -1.0 -0.8967835
v -0.42323500000000003 -1.21308625 -0.8967835
v -0.5043409999999999 -1.4261724999999998 -0.8425905
v -0.544894 -1.6392587499999998 -0.8154939999999999
v -0.5043409999999999 -1.6392587499999998 -0.8425905
v -0.585447 -1.852345 -0.7883975
v -0.585447 -1.6392587499999998 -0.7883975
v -0.626 -1.6392587499999998 -0.761301
v -0.666553 -1.852345 -0.7342044999999999
v -0.585447 -1.4261724999999998 -0.7883975
v -0.707106 -2.06543125 -0.707108
v -0.666553 -2.06543125 -0.7342044999999999
v -0.626 -2.06543125 -0.761301
v -0.585447 -2.06543125 -0.7883975
v -0.666553 -2.2785175 -0.7342044999999999
v -0.707106 -2.49160375 -0.707108
v -0.666553 -2.49160375 -0.7342044999999999
v -0.831469 -1.21308625 -0.555571
v -0.815923625 -1.0 -0.574513125
v -0.815923625 -1.21308625 -0.574513125
v -0.8003782500000001 -1.21308625 -0.59345525
v -0.784832875 -1.0 -0.612397375
v -0.784832875 -1.21308625 -0.612397375
v -0.815923625 -1.4261724999999998 -0.574513125
v -0.831469 -1.6392587499999998 -0.555571
v -0.815923625 -1.6392587499999998 -0.574513125
v -0.7692875 -1.21308625 -0.6313394999999999
v -0.753742125 -1.0 -0.650281625
v -0.753742125 -1.21308625 -0.650281625
v -0.73819675 -1.21308625 -0.66922375
v -0.722651375 -1.0 -0.6881658749999999
v -0.722651375 -1.21308625 -0.6881658749999999
v -0.753742125 -1.4261724999999998 -0.650281625
v -0.7692875 -1.6392587499999998 -0.6313394999999999
v -0.753742125 -1.6392587499999998 -0.650281625
v -0.784832875 -1.852345 -0.612397375
v -0.784832875 -1.6392587499999998 -0.612397375
v -0.8003782500000001 -1.6392587499999998 -0.59345525
v -0.815923625 -1.852345 -0.574513125
v -0.784832875 -1.4261724999999998 -0.612397375
v -0.831469 -2.06543125 -0.555571
v -0.815923625 -2.06543125 -0.574513125
v -0.8003782500000001 -2.06543125 -0.59345525
v -0.784832875 -2.06543125 -0.612397375
v -0.815923625 -2.2785175 -0.574513125
v -0.831469 -2.49160375 -0.555571
v -0.815923625 -2.49160375 -0.574513125
v 0.19509 -1.21308625 -0.980785
v 0.218539125 -1.0 -0.973671875
v 0.218539125 -1.21308625 -0.973671875
v 0.24198825000000002 -1.21308625 -0.96655875
v 0.265437375 -1.0 -0.9594456250000001
v 0.265437375 -1.21308625 -0.9594456250000001
v 0.218539125 -1.4261724999999998 -0.973671875
v 0.19509 -1.6392587499999998 -0.980785
v 0.218539125 -1.6392587499999998 -0.973671875
v 0.2888865 -1.21308625 -0.9523325
v 0.312335625 -1.0 -0.945219375
v 0.312335625 -1.21308625 -0.945219375
v 0.33578474999999997 -1.21308625 -0.93810625
v 0.359233875 -1.0 -0.9309931250000001
v 0.359233875 -1.21308625 -0.9309931250000001
v 0.312335625 -1.4261724999999998 -0.945219375
v 0.2888865 -1.6392587499999998 -0.9523325
v 0.312335625 -1.6392587499999998 -0.945219375
v 0.265437375 -1.852345 -0.9594456250000001
v 0.265437375 -1.6392587499999998 -0.9594456250000001
v 0.24198825000000002 -1.6392587499999998 -0.96655875
v 0.218539125 -1.852345 -0.973671875
v 0.265437375 -1.4261724999999998 -0.9594456250000001
v 0.19509 -2.06543125 -0.980785
v 0.218539125 -2.06543125 -0.973671875
v 0.24198825000000002 -2.06543125 -0.96655875
v 0.265437375 -2.06543125 -0.9594456250000001
v 0.218539125 -2.2785175 -0.973671875
v 0.19509 -2.49160375 -0.980785
v 0.218539125 -2.49160375 -0.973671875
v -0.382682 -1.21308625 -0.92388
v -0.382682 -1.106543125 -0.92388
v -0.382682 -1.3196293749999999 -0.92388
v -0.382682 -1.4261724999999998 -0.92388
v -0.382682 -1.3196293749999999 -0.92388
v -0.382682 -1.5327156249999998 -0.92388
v -0.382682 -1.5327156249999998 -0.92388
v -0.382682 -1.6392587499999998 -0.92388
v -0.382682 -1.7458018749999997 -0.92388
v -0.382682 -1.5859871874999998 -0.92388
v -0.382682 -1.5060798437499998 -0.92388
v -0.382682 -1.6658945312499998 -0.92388
v -0.382682 -1.7058482031249997 -0.92388
v -0.382682 -1.6459176953124999 -0.92388
v -0.382682 -1.7358134570312498 -0.92388
v -0.382682 -1.7857555468749997 -0.92388
v -0.382682 -1.9056165624999997 -0.92388
v -0.382682 -1.9455702343749997 -0.92388
v -0.382682 -2.0121596874999996 -0.92388
v -0.382682 -1.8523449999999997 -0.92388
v -0.382682 -1.7990734374999997 -0.92388
v -0.382682 -1.9056165624999997 -0.92388
v -0.382682 -1.6925303124999997 -0.92388
v -0.382682 -2.06543125 -0.92388
v -0.382682 -2.1187028124999996 -0.92388
v -0.382682 -2.1719743749999996 -0.92388
v -0.382682 -2.2252459374999995 -0.92388
v -0.382682 -2.3317890624999995 -0.92388
v -0.382682 -2.49160375 -0.92388
v -0.382682 -2.5448753124999994 -0.92388
v 0.259092125 -1.0 -0.94657525
v 0.06677012500000001 -1.0 -0.92763325
v 0.13077225 -1.0 -0.8934235
v 0.0024523749999999997 -1.0 -0.8402717500000001
v -0.18986962500000001 -1.0 -0.8213297500000001
v -0.12586750000000002 -1.0 -0.78712
v 0.194774375 -1.0 -0.8592137500000001
v 0.38709637500000005 -1.0 -0.8781557500000001
v 0.2587765 -1.0 -0.8250040000000001
v -0.254187375 -1.0 -0.73396825
v -0.44650937500000004 -1.0 -0.71502625
v -0.38250725 -1.0 -0.6808165
v -0.510827125 -1.0 -0.6276647500000001
v -0.703149125 -1.0 -0.6087227500000001
v -0.639147 -1.0 -0.574513
v -0.318505125 -1.0 -0.6466067500000001
v -0.126183125 -1.0 -0.6655487500000001
v -0.25450300000000003 -1.0 -0.6123970000000001
v 0.06613887500000001 -1.0 -0.6844907500000001
v 0.0021367500000000067 -1.0 -0.7187005000000001
v 0.130456625 -1.0 -0.77185225
v 0.322778625 -1.0 -0.79079425
v -0.061865375 -1.0 -0.75291025
v 0.515100625 -1.0 -0.80973625
v 0.38678075 -1.0 -0.7565845
v 0.25846087500000003 -1.0 -0.7034327500000002
v 0.13014100000000003 -1.0 -0.6502810000000001
v 0.450782875 -1.0 -0.7223747500000001
v 0.643104875 -1.0 -0.74131675
v 0.514785 -1.0 -0.6881650000000001
v 0.6665540000000001 -2.70469 -0.7342036250000001
v 0.6665540000000001 -2.49160375 -0.7342036250000001
v 0.626001 -2.49160375 -0.7613002500000001
v 0.585448 -2.70469 -0.7883968750000001
v 0.585448 -2.49160375 -0.7883968750000001
v 0.6665540000000001 -2.2785175 -0.7342036250000001
v 0.6665540000000001 -2.06543125 -0.7342036250000001
v 0.544895 -2.49160375 -0.8154935000000001
v 0.5043420000000001 -2.70469 -0.8425901250000001
v 0.5043420000000001 -2.49160375 -0.8425901250000001
v 0.463789 -2.49160375 -0.8696867500000001
v 0.423236 -2.70469 -0.896783375
v 0.423236 -2.49160375 -0.896783375
v 0.5043420000000001 -2.2785175 -0.8425901250000001
v 0.544895 -2.06543125 -0.8154935000000001
v 0.5043420000000001 -2.06543125 -0.8425901250000001
v 0.585448 -1.852345 -0.7883968750000001
v 0.585448 -2.06543125 -0.7883968750000001
v 0.626001 -2.06543125 -0.7613002500000001
v 0.6665540000000001 -1.852345 -0.7342036250000001
v 0.585448 -2.2785175 -0.7883968750000001
v 0.6665540000000001 -1.6392587499999998 -0.7342036250000001
v 0.626001 -1.6392587499999998 -0.7613002500000001
v 0.585448 -1.6392587499999998 -0.7883968750000001
v 0.6665540000000001 -1.4261724999999998 -0.7342036250000001
v 0.6665540000000001 -1.21308625 -0.7342036250000001
v 0.643104875 -2.70469 -0.74131675
v 0.6025518750000001 -2.70469 -0.7684133750000001
v 0.53854975 -2.70469 -0.802623125
v 0.515100625 -2.70469 -0.80973625
v 0.47454762500000003 -2.70469 -0.836832875
v 0.561998875 -2.70469 -0.7955100000000002
v 0.521445875 -2.70469 -0.8226066250000001
v 0.4105455 -2.70469 -0.8710426250000001
v 0.38709637500000005 -2.70469 -0.8781557500000001
v 0.346543375 -2.70469 -0.9052523750000001
v 0.28254125 -2.70469 -0.939462125
v 0.259092125 -2.70469 -0.94657525
v 0.218539125 -2.70469 -0.973671875
v 0.30599037500000004 -2.70469 -0.9323490000000001
v 0.3294395 -2.70469 -0.925235875
v 0.265437375 -2.70469 -0.9594456250000001
v 0.35288862499999996 -2.70469 -0.91812275
v 0.393441625 -2.70469 -0.891026125
v 0.45744375 -2.70469 -0.8568163750000001
v 0.480892875 -2.70469 -0.8497032500000001
v 0.43399462499999997 -2.70469 -0.8639295
v 0.440339875 -2.70469 -0.8767998750000001
v 0.37633774999999997 -2.70469 -0.911009625
v 0.312335625 -2.70469 -0.945219375
v 0.399786875 -2.70469 -0.9038965000000001
v 0.359233875 -2.70469 -0.9309931250000001
v -0.8501335 -2.70469 -0.510511
v -0.6578115 -2.70469 -0.5294530000000001
v -0.4654895 -2.70469 -0.5483950000000001
v -0.2731675 -2.70469 -0.5673370000000001
v -0.676476 -2.70469 -0.4843930000000001
v -0.8874625 -2.70469 -0.42039100000000007
v -0.6951404999999999 -2.70469 -0.4393330000000001
v -0.08084549999999999 -2.70469 -0.5862790000000001
v 0.11147650000000003 -2.70469 -0.6052210000000001
v 0.3037985 -2.70469 -0.624163
v 0.4961205 -2.70469 -0.643105
v 0.092812 -2.70469 -0.5601610000000001
v -0.11817449999999999 -2.70469 -0.49615900000000007
v 0.0741475 -2.70469 -0.515101
v -0.32916100000000004 -2.70469 -0.432157
v -0.3104965 -2.70469 -0.47721700000000006
v -0.5028185000000001 -2.70469 -0.45827500000000004
v -0.713805 -2.70469 -0.394273
v -0.291832 -2.70469 -0.5222770000000001
v -0.9247915 -2.70469 -0.330271
v -0.7324695000000001 -2.70469 -0.349213
v -0.5401475 -2.70469 -0.368155
v -0.3478255 -2.70469 -0.387097
v -0.751134 -2.70469 -0.304153
v -0.9621205 -2.70469 -0.240151
v -0.7697985 -2.70469 -0.259093
v -0.42323500000000003 -2.70469 -0.8967835
v -0.479333375 -2.70469 -0.850744875
v -0.53543175 -2.70469 -0.80470625
v -0.591530125 -2.70469 -0.758667625
v -0.519886375 -2.70469 -0.823648375
v -0.5043409999999999 -2.70469 -0.8425905
v -0.560439375 -2.70469 -0.796551875
v -0.6476284999999999 -2.70469 -0.712629
v -0.703726875 -2.70469 -0.666590375
v -0.75982525 -2.70469 -0.62055175
v -0.815923625 -2.70469 -0.574513125
v -0.744279875 -2.70469 -0.639493875
v -0.7287345000000001 -2.70469 -0.658436
v -0.784832875 -2.70469 -0.612397375
v -0.713189125 -2.70469 -0.6773781249999999
v -0.672636125 -2.70469 -0.704474625
v -0.61653775 -2.70469 -0.75051325
v -0.600992375 -2.70469 -0.7694553749999999
v -0.632083125 -2.70469 -0.731571125
v -0.585447 -2.70469 -0.7883975
v -0.641545375 -2.70469 -0.742358875
v -0.69764375 -2.70469 -0.69632025
v -0.753742125 -2.70469 -0.650281625
v -0.682098375 -2.70469 -0.715262375
v -0.666553 -2.70469 -0.7342044999999999
v -0.722651375 -2.70469 -0.6881658749999999
v 0.146317625 -2.49160375 -0.980785125
v 0.1228685 -2.70469 -0.973671875
v 0.074096125 -2.49160375 -0.9736720000000001
v 0.0018746250000000013 -2.49160375 -0.966558875
v -0.0215745 -2.70469 -0.9594456250000001
v -0.070346875 -2.49160375 -0.95944575
v 0.02532375 -2.2785175 -0.973672125
v 0.048772875 -2.06543125 -0.9807853750000001
v -0.023448625 -2.06543125 -0.9736722500000001
v -0.142568375 -2.49160375 -0.952332625
v -0.1660175 -2.70469 -0.945219375
v -0.21478987500000002 -2.49160375 -0.9452195000000001
v -0.287011375 -2.49160375 -0.938106375
v -0.31046050000000003 -2.70469 -0.9309931250000001
v -0.359232875 -2.49160375 -0.93099325
v -0.26356225 -2.2785175 -0.945219625
v -0.240113125 -2.06543125 -0.9523328750000001
v -0.31233462500000003 -2.06543125 -0.9452197500000001
v -0.21666400000000002 -1.852345 -0.9594461250000001
v -0.167891625 -2.06543125 -0.959446
v -0.095670125 -2.06543125 -0.9665591250000001
v -0.07222100000000001 -1.852345 -0.973672375
v -0.11911925000000001 -2.2785175 -0.9594458750000001
v -0.048771875 -1.6392587499999998 -0.9807856250000001
v -0.120993375 -1.6392587499999998 -0.9736725000000002
v -0.193214875 -1.6392587499999998 -0.9665593750000001
v -0.265436375 -1.6392587499999998 -0.9594462500000001
v -0.16976575 -1.4261724999999998 -0.9736726250000001
v -0.146316625 -1.21308625 -0.980785875
v -0.21853812500000003 -1.21308625 -0.97367275
v -0.174236875 -2.70469 -0.9038965000000001
v -0.102015375 -2.70469 -0.911009625
v -0.029793875 -2.70469 -0.91812275
v -0.03801325 -2.70469 -0.8767998750000001
v 0.098210375 -2.70469 -0.8497032500000001
v 0.042427625000000004 -2.70469 -0.925235875
v 0.114649125 -2.70469 -0.9323490000000001
v 0.186870625 -2.70469 -0.939462125
v 0.25087275000000003 -2.70469 -0.9052523750000001
v 0.314874875 -2.70469 -0.8710426250000001
v 0.378877 -2.70469 -0.836832875
v 0.242653375 -2.70469 -0.8639295
v 0.170431875 -2.70469 -0.8568163750000001
v 0.23443400000000003 -2.70469 -0.8226066250000001
v 0.10642975 -2.70469 -0.891026125
v 0.370657625 -2.70469 -0.7955100000000002
v 0.44287912500000004 -2.70469 -0.802623125
v 0.50688125 -2.70469 -0.7684133750000001
v -0.9434560000000001 -2.49160375 -0.285211
v -0.9247915 -2.2785175 -0.330271
v -0.906127 -2.06543125 -0.375331
v -0.9247915 -2.49160375 -0.330271
v -0.906127 -2.49160375 -0.375331
v -0.8874625 -1.852345 -0.42039100000000007
v -0.868798 -1.6392587499999998 -0.46545100000000006
v -0.8501335 -1.4261724999999998 -0.510511
v -0.8501335 -1.6392587499999998 -0.510511
v -0.8501335 -1.852345 -0.510511
v -0.8501335 -2.06543125 -0.510511
v -0.868798 -2.06543125 -0.46545100000000006
v -0.8874625 -2.2785175 -0.42039100000000007
v -0.8874625 -2.49160375 -0.42039100000000007
v -0.8874625 -2.06543125 -0.42039100000000007
v -0.868798 -2.49160375 -0.46545100000000006
v -0.8501335 -2.2785175 -0.510511
v -0.8501335 -2.49160375 -0.510511
v 0.285134 -2.49160375 -0.579103
v 0.0741475 -2.2785175 -0.515101
v -0.136839 -2.06543125 -0.451099
v 0.0741475 -2.49160375 -0.515101
v -0.136839 -2.49160375 -0.451099
v -0.3478255 -1.852345 -0.387097
v -0.558812 -1.6392587499999998 -0.323095
v -0.7697985 -1.4261724999999998 -0.259093
v -0.7697985 -1.6392587499999998 -0.259093
v -0.7697985 -1.852345 -0.259093
v -0.7697985 -2.06543125 -0.259093
v -0.558812 -2.06543125 -0.323095
v -0.3478255 -2.2785175 -0.387097
v -0.3478255 -2.49160375 -0.387097
v -0.3478255 -2.06543125 -0.387097
v -0.558812 -2.49160375 -0.323095
v -0.7697985 -2.2785175 -0.259093
v -0.7697985 -2.49160375 -0.259093
v -0.09754425 -1.21308625 -0.9807857500000001
v -0.048771875 -1.21308625 -0.9807856250000001
v 5.000000000005 -7.0 -1.21308625
v -0.048771875 -1.4261724999999998 -0.9807856250000001
v 5.000000000005 -7.0 -1.6392587499999998
v 0.048772875 -1.21308625 -0.9807853750000001
v 0.09754525 -1.21308625 -0.98078525
v 0.146317625 -1.21308625 -0.980785125
v 0.146317625 -1.4261724999999998 -0.980785125
v 0.146317625 -1.6392587499999998 -0.980785125
v 0.146317625 -1.852345 -0.980785125
v 0.09754525 -1.6392587499999998 -0.98078525
v 0.048772875 -1.6392587499999998 -0.9807853750000001
v 0.048772875 -1.852345 -0.9807853750000001
v 0.048772875 -1.4261724999999998 -0.9807853750000001
v 0.09754525 -2.06543125 -0.98078525
v 0.146317625 -2.06543125 -0.980785125
v 0.146317625 -2.2785175 -0.980785125
v -0.626 -2.49160375 -0.761301
v -0.585447 -2.2785175 -0.7883975
v -0.544894 -2.06543125 -0.8154939999999999
v -0.585447 -2.49160375 -0.7883975
v -0.544894 -2.49160375 -0.8154939999999999
v -0.5043409999999999 -1.852345 -0.8425905
v -0.463788 -1.6392587499999998 -0.869687
v -0.42323500000000003 -1.4261724999999998 -0.8967835
v -0.42323500000000003 -1.6392587499999998 -0.8967835
v -0.42323500000000003 -1.852345 -0.8967835
v -0.42323500000000003 -2.06543125 -0.8967835
v -0.463788 -2.06543125 -0.869687
v -0.5043409999999999 -2.2785175 -0.8425905
v -0.5043409999999999 -2.49160375 -0.8425905
v -0.5043409999999999 -2.06543125 -0.8425905
v -0.463788 -2.49160375 -0.869687
v -0.42323500000000003 -2.2785175 -0.8967835
v -0.42323500000000003 -2.49160375 -0.8967835
v -0.8003782500000001 -2.49160375 -0.59345525
v -0.784832875 -2.2785175 -0.612397375
v -0.7692875 -2.06543125 -0.6313394999999999
v -0.784832875 -2.49160375 -0.612397375
v -0.7692875 -2.49160375 -0.6313394999999999
v -0.753742125 -1.852345 -0.650281625
v -0.73819675 -1.6392587499999998 -0.66922375
v -0.722651375 -1.4261724999999998 -0.6881658749999999
v -0.722651375 -1.6392587499999998 -0.6881658749999999
v -0.722651375 -1.852345 -0.6881658749999999
v -0.722651375 -2.06543125 -0.6881658749999999
v -0.73819675 -2.06543125 -0.66922375
v -0.753742125 -2.2785175 -0.650281625
v -0.753742125 -2.49160375 -0.650281625
v -0.753742125 -2.06543125 -0.650281625
v -0.73819675 -2.49160375 -0.66922375
v -0.722651375 -2.2785175 -0.6881658749999999
v -0.722651375 -2.49160375 -0.6881658749999999
v 0.24198825000000002 -2.49160375 -0.96655875
v 0.265437375 -2.2785175 -0.9594456250000001
v 0.2888865 -2.06543125 -0.9523325
v 0.265437375 -2.49160375 -0.9594456250000001
v 0.2888865 -2.49160375 -0.9523325
v 0.312335625 -1.852345 -0.945219375
v 0.33578474999999997 -1.6392587499999998 -0.93810625
v 0.359233875 -1.4261724999999998 -0.9309931250000001
v 0.382683 -1.21308625 -0.92388
v 0.359233875 -1.6392587499999998 -0.9309931250000001
v 0.359233875 -1.852345 -0.9309931250000001
v 0.382683 -1.6392587499999998 -0.92388
v 0.359233875 -2.06543125 -0.9309931250000001
v 0.33578474999999997 -2.06543125 -0.93810625
v 0.312335625 -2.2785175 -0.945219375
v 0.312335625 -2.49160375 -0.945219375
v 0.312335625 -2.06543125 -0.945219375
v 0.33578474999999997 -2.49160375 -0.93810625
v 0.359233875 -2.2785175 -0.9309931250000001
v 0.382683 -2.06543125 -0.92388
v 0.359233875 -2.49160375 -0.9309931250000001
v 0.382683 -2.49160375 -0.92388
v -0.359232875 -2.3317890624999995 -0.93099325
v -0.359232875 -2.1719743749999996 -0.93099325
v -0.359232875 -2.0121596874999996 -0.93099325
v -0.33578375000000005 -2.1187028124999996 -0.9381065000000001
v -0.31233462500000003 -1.9056165624999997 -0.9452197500000001
v -0.32850250000000003 -1.9056165624999997 -0.8718956250000001
v -0.32850250000000003 -1.7857555468749997 -0.8718956250000001
v -0.1615485 -1.839027109375 -0.785701375
v -0.10736899999999999 -1.7990734374999997 -0.7337170000000001
v -0.2201435 -1.5859871874999998 -0.7679268750000001
v -0.196694375 -1.5327156249999998 -0.7750401250000001
v -0.250873875 -1.6925303124999997 -0.8270245
v -0.28160425 -1.7990734374999997 -0.886122125
v -0.25815512500000004 -1.7458018749999997 -0.893235375
v -0.305053375 -1.8523449999999997 -0.879008875
v -0.23470600000000003 -1.5327156249999998 -0.900348625
v -0.203975625 -1.4261724999999998 -0.841251
v -0.211256875 -1.3196293749999999 -0.9074618750000001
v -0.6797 -1.106543125 -0.601609625
v -0.5513801250000001 -1.106543125 -0.6547613750000001
v -0.42306025 -1.106543125 -0.707913125
v -0.294740375 -1.106543125 -0.761064875
v -0.399611125 -1.21308625 -0.7008000000000001
v -0.376162 -1.3196293749999999 -0.693686875
v -0.247842125 -1.3196293749999999 -0.7468386250000001
v -0.235001375 -1.0532715625 -0.7882244375
v -0.10668150000000001 -1.0532715625 -0.8413761875000001
v 0.02163837500000001 -1.0532715625 -0.8945279375
v -0.023493374999999997 -1.106543125 -0.8614226250000001
v -0.06862512500000001 -1.1598146875 -0.8283173125000001
v -0.045176 -1.2663578125 -0.8212041875
v -0.128364125 -1.21308625 -0.80115775
v -0.18810312499999998 -1.2663578125 -0.7739981875
v -0.16465400000000002 -1.3729009374999999 -0.7668850625000001
v -0.21155225 -1.1598146875 -0.7811113125
v -0.19452350000000002 -1.3995367187499999 -0.7533052812500001
v -0.13478450000000003 -1.3462651562499999 -0.7804648437500001
v -0.033920500000000006 -1.4261724999999998 -0.7709939375000001
v -0.06379000000000001 -1.4528082812499998 -0.7574141562500001
v -0.11422200000000002 -1.4128546093749998 -0.7621496093750001
v -0.775370625 -1.0 -0.601609625
v -0.623601625 -1.106543125 -0.64764825
v -0.471832625 -1.21308625 -0.693686875
v -0.32006362499999996 -1.3196293749999999 -0.7397255
v -0.5675032499999999 -1.106543125 -0.693686875
v -0.663173875 -1.0 -0.693686875
v -0.511404875 -1.106543125 -0.7397255
v -0.26396525000000004 -1.4261724999999998 -0.785764125
v -0.23409575000000002 -1.3995367187499999 -0.7993439062500001
v -0.273668 -1.4794440624999998 -0.8453825312500001
v -0.34310975 -1.5060798437499998 -0.877841375
v -0.34310975 -1.4261724999999998 -0.877841375
v -0.438780375 -1.3196293749999999 -0.877841375
v -0.399208125 -1.3196293749999999 -0.83180275
v -0.4553065 -1.21308625 -0.785764125
v -0.550977125 -1.106543125 -0.785764125
v -0.359635875 -1.3196293749999999 -0.785764125
v -0.550977125 -1.0 -0.785764125
v -0.49487875000000003 -1.106543125 -0.83180275
v -0.438780375 -1.21308625 -0.877841375
v -0.438780375 -1.106543125 -0.877841375
v -0.438780375 -1.0 -0.877841375
v -0.75982525 -1.0 -0.62055175
v -0.703726875 -1.0 -0.666590375
v -0.6476284999999999 -1.0 -0.712629
v -0.744279875 -1.0 -0.639493875
v -0.7287345000000001 -1.0 -0.658436
v -0.591530125 -1.0 -0.758667625
v -0.53543175 -1.0 -0.80470625
v -0.479333375 -1.0 -0.850744875
v -0.519886375 -1.0 -0.823648375
v -0.560439375 -1.0 -0.796551875
v -0.600992375 -1.0 -0.7694553749999999
v -0.61653775 -1.0 -0.75051325
v -0.672636125 -1.0 -0.704474625
v -0.713189125 -1.0 -0.6773781249999999
v -0.632083125 -1.0 -0.731571125
v -0.69764375 -1.0 -0.69632025
v -0.641545375 -1.0 -0.742358875
v -0.682098375 -1.0 -0.715262375
v 0.3037985 -1.0 -0.624163
v 0.11147650000000003 -1.0 -0.6052210000000001
v -0.08084549999999999 -1.0 -0.5862790000000001
v 0.092812 -1.0 -0.5601610000000001
v -0.11817449999999999 -1.0 -0.49615900000000007
v -0.2731675 -1.0 -0.5673370000000001
v -0.4654895 -1.0 -0.5483950000000001
v -0.6578115 -1.0 -0.5294530000000001
v -0.676476 -1.0 -0.4843930000000001
v -0.6951404999999999 -1.0 -0.4393330000000001
v -0.713805 -1.0 -0.394273
v -0.5028185000000001 -1.0 -0.45827500000000004
v -0.3104965 -1.0 -0.47721700000000006
v -0.32916100000000004 -1.0 -0.432157
v -0.291832 -1.0 -0.5222770000000001
v -0.5401475 -1.0 -0.368155
v -0.7324695000000001 -1.0 -0.349213
v -0.751134 -1.0 -0.304153
v 0.28254125 -1.0 -0.939462125
v 0.346543375 -1.0 -0.9052523750000001
v 0.4105455 -1.0 -0.8710426250000001
v 0.30599037500000004 -1.0 -0.9323490000000001
v 0.3294395 -1.0 -0.925235875
v 0.47454762500000003 -1.0 -0.836832875
v 0.53854975 -1.0 -0.802623125
v 0.6025518750000001 -1.0 -0.7684133750000001
v 0.6665540000000001 -1.0 -0.7342036250000001
v 0.561998875 -1.0 -0.7955100000000002
v 0.521445875 -1.0 -0.8226066250000001
v 0.585448 -1.0 -0.7883968750000001
v 0.480892875 -1.0 -0.8497032500000001
v 0.45744375 -1.0 -0.8568163750000001
v 0.393441625 -1.0 -0.891026125
v 0.35288862499999996 -1.0 -0.91812275
v 0.43399462499999997 -1.0 -0.8639295
v 0.37633774999999997 -1.0 -0.911009625
v 0.440339875 -1.0 -0.8767998750000001
v 0.5043420000000001 -1.0 -0.8425901250000001
v 0.399786875 -1.0 -0.9038965000000001
v 0.423236 -1.0 -0.896783375
v 0.626001 -1.21308625 -0.7613002500000001
v 0.585448 -1.4261724999999998 -0.7883968750000001
v 0.544895 -1.6392587499999998 -0.8154935000000001
v 0.585448 -1.21308625 -0.7883968750000001
v 0.544895 -1.21308625 -0.8154935000000001
v 0.5043420000000001 -1.852345 -0.8425901250000001
v 0.463789 -2.06543125 -0.8696867500000001
v 0.423236 -2.2785175 -0.896783375
v 0.423236 -2.06543125 -0.896783375
v 0.423236 -1.852345 -0.896783375
v 0.423236 -1.6392587499999998 -0.896783375
v 0.463789 -1.6392587499999998 -0.8696867500000001
v 0.5043420000000001 -1.4261724999999998 -0.8425901250000001
v 0.5043420000000001 -1.21308625 -0.8425901250000001
v 0.5043420000000001 -1.6392587499999998 -0.8425901250000001
v 0.463789 -1.21308625 -0.8696867500000001
v 0.423236 -1.4261724999999998 -0.896783375
v 0.423236 -1.21308625 -0.896783375
f 9/1/1 11/1/1 13/1/1 
f 3/1/1 10/1/1 2/1/1 
f 2/1/1 9/1/1 1/1/1 
f -1/1/1 6/1/1 -2/1/1 
f 5/1/1 12/1/1 4/1/1 
f 4/1/1 11/1/1 3/1/1 
f 0/1/1 7/1/1 -1/1/1 
f -2/1/1 13/1/1 5/1/1 
f 3/1/1 1/1/1 -1/1/1 
f 8/1/1 1/1/1 9/1/1 
f 7/1/1 8/1/1 9/1/1 
f 9/1/1 10/1/1 11/1/1 
f 11/1/1 12/1/1 13/1/1 
f 13/1/1 6/1/1 7/1/1 
f 7/1/1 9/1/1 13/1/1 
f 3/1/1 11/1/1 10/1/1 
f 2/1/1 10/1/1 9/1/1 
f -1/1/1 7/1/1 6/1/1 
f 5/1/1 13/1/1 12/1/1 
f 4/1/1 12/1/1 11/1/1 
f 0/1/1 8/1/1 7/1/1 
f -2/1/1 6/1/1 13/1/1 
f -1/1/1 -2/1/1 3/1/1 
f -2/1/1 5/1/1 3/1/1 
f 5/1/1 4/1/1 3/1/1 
f 3/1/1 2/1/1 1/1/1 
f 1/1/1 0/1/1 -1/1/1 
f 8/1/1 0/1/1 1/1/1 
